[0;34;40m                                        [0m
[0;34;40m                     .[0;32;40m    [0;34;40m              [0m
[0;34;40m                 :[0;1;30;90;40m@[0;35;5;40;100mX[0;36;5;40;100m;[0;35;5;40;100mt[0;34;5;40;100mX[0;1;30;90;40m@[0;34;40m;[0;31;40m.[0;32;40m    [0;34;40m          [0m
[0;34;40m               :[0;34;5;40;100m@[0;35;5;40;100m.[0;1;30;90;47m8[0;1;30;90;45m8[0;1;30;90;47m8[0;1;30;90;45m8[0;1;30;90;47m8[0;35;47m8[0;36;5;40;100m;[0;34;5;40;100m8[0;34;40m:[0;31;40m.[0;32;40m    [0;34;40m        [0m
[0;34;40m            ;[0;30;5;40;100m8[0;35;5;40;100mX [0;1;30;90;47m8[0;1;30;90;45m8[0;36;47m@[0;1;34;94;47m8[0;35;5;40;100m.[0;1;34;94;47m8[0;35;47m8[0;36;5;44;104mX[0;1;30;90;47mS[0;1;30;90;45m8[0;37;5;40;100m%[0;35;5;40;100mS[0;30;44m8[0;32;40mt[0;31;40m:[0;34;40m.[0;32;40m    [0;34;40m    [0m
[0;34;40m        .%[0;34;5;40;100mS[0;35;5;40;100m;[0;37;5;40;100mS%[0;35;47m88[0;36;5;44;104mS[0;1;30;90;47mS[0;37;45m@[0;35;47m8[0;36;5;44;104mS[0;1;30;90;47m88[0;35;47m88[0;36;47m8[0;37;45m8[0;1;30;90;47m88[0;1;30;90;45m8[0;36;5;40;100m:[0;34;5;40;100m8[0;34;40m%[0;31;40m:[0;32;40m.[0;34;40m     [0m
[0;34;40m      .[0;1;30;90;40m@[0;35;5;40;100m;[0;37;5;40;100mX[0;1;30;90;47m8[0;1;30;90;45m8[0;35;47m@[0;37;5;44;104m8[0;1;30;90;47m88[0;1;30;90;45m8[0;36;5;40;100m;X[0;35;5;40;100mS.X[0;34;5;40;100m@SX[0;35;5;40;100m@[0;36;5;40;100m8[0;34;5;40;100m8[0;35;5;40;100mX[0;36;5;40;100m;[0;1;30;90;47m8[0;37;45m8[0;1;30;90;47m8[0;35;5;40;100mS[0;34;40m8[0;32;40m;[0;31;40m.[0;34;40m   [0m
[0;34;40m     [0;30;5;40;100m8[0;35;5;40;100m:[0;37;5;40;100mt[0;35;47m8[0;37;45m8[0;1;34;94;47m8[0;1;30;90;47m8[0;37;5;44;104m8[0;1;30;90;47m8[0;35;5;44;104mX[0;1;30;90;47m88[0;34;5;40;100m8[0;35;5;40;100m8[0;30;5;40;100m@[0;33;5;40;100mS[0;30;5;40;100m8[0;35;5;40;100m%[0;30;5;40;100mX[0;33;5;40;100mX[0;30;5;40;100m8[0;35;5;40;100m8[0;30;5;40;100m8[0;36;5;40;100mS[0;35;5;40;100m8.[0;1;34;94;47m8[0;37;5;40;100m;[0;35;47m8[0;37;5;40;100mt[0;35;5;40;100m;[0;1;30;90;44m@[0;32;40m   [0m
[0;34;40m     [0;36;5;40;100m%[0;1;30;90;47m8[0;36;47m8[0;1;30;90;46m8[0;1;30;90;45m8[0;36;47m8[0;1;34;94;45m8[0;1;30;90;47m88[0;35;47m8[0;37;5;44;104m8[0;35;5;40;100m;S[0;30;5;40;100m8[0;32;5;40;100mS[0;30;5;40;100mS[0;35;5;40;100mt[0;36;5;40;100m:[0;35;5;40;100m%%[0;36;5;40;100mt[0;35;5;40;100mt;t[0;36;5;40;100m:[0;35;47m8[0;1;30;90;47m8[0;35;5;44;104mS[0;1;30;90;47m8[0;37;45m8[0;36;47m8[0;34;5;40;100m8[0;31;40m.  [0m
[0;34;40m    .[0;36;5;40;100m%[0;1;30;90;47m8[0;36;47m@X8[0;35;5;40;100m [0;1;30;90;47m8[0;1;34;94;45m8[0;1;30;90;47m88[0;35;47m8[0;36;5;40;100m:[0;34;5;40;100mS[0;31;5;40;100mS[0;30;5;40;100m@[0;35;5;40;100mS [0;1;30;90;47m8[0;35;5;40;100m:[0;35;47m8[0;37;5;40;100m:[0;1;30;90;47m8[0;1;30;90;45m8[0;1;30;90;47m8[0;1;34;94;45m8[0;1;30;90;46m8[0;35;47m8[0;1;30;90;47m8[0;36;5;44;104mS[0;1;30;90;47m8[0;37;45m@[0;34;5;40;100m@[0;34;40m:[0;31;40m  [0m
[0;34;40m   [0;31;40m [0;34;40m [0;36;5;40;100m%[0;36;47mXS[0;1;34;94;47mX[0;1;30;90;47m8[0;36;47m88[0;1;30;90;47m8[0;1;30;90;46m8[0;35;5;44;104m@[0;1;30;90;47m8[0;35;5;40;100m:%[0;30;5;40;100mX[0;32;5;40;100mS[0;31;5;40;100mS[0;35;5;40;100m:[0;35;47m8[0;37;5;44;104m8[0;1;30;90;47m8[0;35;5;44;104m;[0;1;30;90;47m88[0;36;5;44;104mX[0;1;30;90;47mt[0;35;47m8[0;35;5;44;104mX[0;1;30;90;47m@@[0;37;45m8[0;36;47m8[0;1;30;90;44m8[0;31;40m:[0;34;40m.[0;31;40m [0m
[0;34;40m  [0;31;40m [0;34;40m .[0;36;5;40;100mt[0;1;30;90;47m8[0;1;36;96;47mS[0;1;30;90;47m8[0;1;36;96;47mX[0;1;34;94;47mS[0;36;47mX@[0;1;30;90;47m8[0;36;47mX[0;1;30;90;47m8[0;36;5;40;100m;[0;34;5;40;100mX[0;31;5;40;100mS[0;30;5;40;100m@[0;35;5;40;100m%[0;36;5;40;100m.[0;35;47m8[0;1;30;90;47m8[0;1;30;90;45m8[0;1;30;90;47m8[0;1;34;94;45m8[0;1;30;90;47m8[0;35;47m8[0;1;30;90;47m8[0;35;47m8[0;1;30;90;47m8[0;35;47m8[0;35;5;44;104mS[0;1;30;90;47m8[0;37;45m8[0;34;5;40;100mX[0;34;40m;[0;32;40m  [0m
[0;34;40m    .[0;36;5;40;100mt[0;36;47mS[0;1;34;94;47mS[0;1;36;96;47mS[0;35;47mX[0;1;36;96;47mX[0;1;30;90;47m8[0;1;36;96;47mS[0;36;47mSX[0;1;34;94;47m@[0;1;30;90;47m8[0;34;5;40;100m@[0;30;5;40;100mS[0;31;5;40;100mS[0;34;5;40;100mS[0;36;5;40;100mS[0;34;5;40;100m8S[0;36;5;40;100mt[0;35;5;40;100m:[0;36;5;40;100m:[0;35;5;40;100m:[0;35;47m8[0;36;5;44;104mS[0;1;30;90;47m8[0;35;5;44;104mS[0;1;30;90;47mX8[0;35;47m8[0;36;5;44;104mS[0;35;5;40;100m.[0;34;40m:[0;31;40m  [0m
[0;34;40m    .[0;36;5;40;100mt[0;1;30;90;47m8[0;1;36;96;47mS[0;35;47mX[0;1;36;96;47m8[0;35;47m@[0;1;36;96;47m@[0;35;47m8[0;1;36;96;47mX[0;35;47mX[0;36;47m8[0;35;5;40;100m.%[0;30;5;40;100m@[0;32;5;40;100mX[0;31;5;40;100m8[0;30;5;40;100m@[0;35;5;40;100mS[0;30;5;40;100mS[0;35;5;40;100mS[0;30;5;40;100mS[0;34;5;40;100m%[0;35;5;40;100m;[0;1;30;90;47m8[0;35;47m8[0;1;30;90;47m88[0;35;47m8[0;36;5;44;104mS[0;1;30;90;47mSX[0;35;5;40;100m8[0;34;40m.[0;32;40m  [0m
[0;34;40m    .[0;36;5;40;100mt[0;36;47mSXX[0;1;34;94;47mX[0;36;47mXS[0;1;34;94;47mX[0;36;47mX@[0;1;34;94;47mX[0;1;30;90;47m8[0;34;5;40;100m8[0;31;5;40;100mX[0;30;5;40;100m@S[0;35;5;40;100m:[0;36;5;40;100m:.:[0;35;5;40;100m:[0;36;5;40;100m:[0;35;5;40;100m;[0;35;47m8[0;36;5;44;104mX[0;35;47m88[0;36;47m8[0;35;47m8[0;37;45m8[0;37;5;40;100m.[0;34;5;40;100m@[0;34;40mt[0;32;40m  [0m
[0;34;40m    .[0;36;5;40;100mt[0;1;30;90;47m8[0;1;36;96;47mS[0;35;47mX[0;1;36;96;47mX[0;1;30;90;47m8[0;1;36;96;47mX[0;1;30;90;47m8[0;1;34;94;47m8[0;1;30;90;47m8[0;36;47m@[0;35;5;40;100m.%[0;30;5;40;100m@[0;33;5;40;100mS[0;34;5;40;100mX[0;37;5;40;100mS[0;1;30;90;47m8@8[0;36;47m8[0;1;30;90;47m8[0;1;30;90;46m8[0;37;5;40;100m;[0;1;30;90;47m8[0;1;34;94;45m8[0;1;30;90;47m8[0;35;5;44;104mS[0;1;30;90;47m8[0;1;34;94;47m8[0;35;47m8[0;34;5;40;100m8[0;34;40m;[0;32;40m  [0m
[0;34;40m    .[0;36;5;40;100mt[0;36;47mS[0;1;34;94;47mX[0;36;47m@[0;1;30;90;47m8[0;1;34;94;47m8[0;1;30;90;47m8[0;36;47m8S[0;1;36;96;47mX[0;35;47m@[0;36;47m8[0;34;5;40;100mX[0;30;5;40;100mX@[0;33;5;40;100mS[0;37;5;40;100m;[0;1;36;96;47mX[0;36;47mXXXX[0;35;47mX[0;36;47m8[0;1;30;90;47m8[0;1;30;90;46m8[0;1;30;90;47m88[0;1;30;90;45m8[0;36;47m8[0;35;47m8[0;1;30;90;44m8[0;34;40m:[0;32;40m. [0m
[0;34;40m    .[0;34;5;40;100mS[0;1;30;90;47m8[0;36;47m@X[0;1;36;96;47mX[0;1;30;90;47m8[0;1;36;96;47m@[0;35;47mX[0;1;36;96;47m@[0;35;47m@[0;36;47m8[0;1;30;90;45m8[0;36;5;40;100mt[0;31;5;40;100mX[0;30;5;40;100mX[0;35;5;40;100mX[0;37;5;40;100mt[0;1;30;90;47m8[0;1;36;96;47mX[0;35;47mX[0;1;36;96;47mX[0;1;34;94;47mX[0;1;36;96;47mX[0;1;30;90;47m8[0;36;47m@S88[0;36;5;40;100m.[0;37;5;44;104m8[0;36;5;40;100m %[0;34;40m;[0;31;40m  [0m
[0;34;40m    .X[0;36;5;40;100mt[0;1;30;90;47m8[0;1;34;94;47mX[0;36;47mS[0;1;34;94;47mS[0;36;47mSX[0;1;34;94;47mX[0;1;36;96;47mX[0;1;30;90;47m88[0;34;5;40;100m8[0;30;5;40;100mS[0;31;5;40;100mS[0;36;5;40;100m8[0;37;5;40;100m%[0;36;47mS[0;1;34;94;47mX[0;1;36;96;47mX[0;35;47m@[0;36;47mXS[0;1;34;94;47mX[0;1;36;96;47mS[0;35;47mX[0;36;47m@[0;1;34;94;47mS[0;36;47mX[0;1;30;90;47m8[0;34;5;40;100m8[0;34;40m@[0;31;40m.  [0m
[0;34;40m   [0;31;40m  [0;34;40m:%[0;30;44m8[0;34;5;40;100mS[0;36;5;40;100m:[0;36;47mXS[0;1;36;96;47mS[0;35;47mX[0;36;47m@[0;1;34;94;47mX[0;37;5;40;100m;[0;35;5;40;100m%[0;30;5;40;100m@X[0;31;5;40;100mS[0;1;30;90;47m8[0;36;47m@[0;1;30;90;47m8[0;1;36;96;47mX[0;36;47mX[0;1;34;94;47mS[0;1;36;96;47mS[0;1;30;90;47m8[0;1;36;96;47mX[0;1;34;94;47mX[0;36;47mX[0;36;5;40;100m.[0;1;30;90;44m8[0;34;40m8;[0;32;40m:[0;31;40m.[0;34;40m  [0m
[0;34;40m   [0;31;40m   [0;32;40m..[0;34;40m:%@[0;1;30;90;44m@[0;34;5;40;100m@[0;1;30;90;47m8[0;36;47m@[0;1;36;96;47mS[0;1;30;90;47m8[0;36;5;40;100m;[0;35;5;40;100m [0;36;5;40;100m .[0;1;30;90;47m8[0;1;34;94;47mX[0;1;36;96;47mS[0;35;47m8[0;1;36;96;47mX[0;1;30;90;47m8[0;36;47mX[0;1;34;94;47m8[0;35;5;40;100mX[0;1;30;90;44m@[0;34;40mSS:[0;32;40m:[0;31;40m.[0;32;40m    [0m
[0;34;40m  [0;31;40m       [0;34;40m [0;31;40m  [0;34;40m:X[0;1;30;90;44mX[0;35;5;40;100m.[0;36;47m@[0;1;30;90;47m8[0;1;36;96;47mS[0;1;30;90;47m8[0;36;47m@@S[0;1;34;94;47mS[0;1;36;96;47mX[0;35;47m@[0;1;30;90;46m8[0;35;44m@[0;34;40m;[0;32;40m.   .[0;31;40m [0;32;40m     [0m
[0;34;40m  [0;31;40m          [0;34;40m [0;31;40m [0;34;40m X[0;1;30;90;44mS[0;34;5;40;100mX[0;37;5;40;100mt[0;1;36;96;47mX[0;35;47m8[0;36;47m8X[0;37;5;40;100m:[0;1;30;90;44m8@[0;34;40m%[0;32;40m:.[0;34;40m [0;32;40m   [0;34;40m [0;31;40m [0;32;40m     [0m
[0;34;40m   [0;31;40m         [0;34;40m   [0;31;40m  [0;34;40m:S@[0;1;30;90;44m@@[0;34;40m8@:[0;31;40m.. [0;34;40m  [0;32;40m   [0;34;40m [0;32;40m      [0m
